Klatka | Preprocess (ms) | Inferencja (ms) | Postprocess (ms) | FPS
---------------------------------------------------------------------------
     1 |          571.64 |          524.90 |           363.24 |  0.02
     2 |           22.22 |          435.60 |            12.23 |  2.04
     3 |           31.96 |          422.03 |             5.33 |  2.15
     4 |           14.21 |          406.14 |             5.20 |  2.31
     5 |           24.71 |          446.21 |             6.17 |  2.07
     6 |           34.59 |          420.19 |             6.15 |  2.12
     7 |           26.22 |          409.65 |             5.20 |  2.20
     8 |           30.42 |          411.67 |             5.28 |  2.19
     9 |           30.33 |          409.48 |             5.20 |  2.22
    10 |           26.67 |          410.00 |             5.16 |  2.23
    11 |           28.10 |          412.39 |             5.09 |  2.21
    12 |           28.84 |          406.42 |             5.20 |  2.23
    13 |           28.25 |          410.67 |             5.07 |  2.22
    14 |           27.70 |          406.64 |             5.07 |  2.24
    15 |           20.51 |          411.34 |             5.12 |  2.25
    16 |           23.68 |          411.71 |             5.15 |  2.23
    17 |           24.03 |          415.17 |             6.07 |  2.22
    18 |           17.52 |          408.57 |             6.35 |  2.27
    19 |           29.01 |          408.54 |             5.12 |  2.23
    20 |           21.39 |          412.83 |             5.14 |  2.22
    21 |           28.92 |          408.11 |             5.22 |  2.23
    22 |           31.53 |          407.28 |             5.18 |  2.23
    23 |           27.03 |          410.34 |             5.23 |  2.24
    24 |           25.81 |          410.58 |             5.14 |  2.23
    25 |           23.85 |          411.50 |             8.42 |  2.23
    26 |           20.55 |          412.29 |             5.17 |  2.24
    27 |           20.93 |          410.56 |             5.08 |  2.26
    28 |           27.52 |          411.23 |             5.13 |  2.23
    29 |           29.10 |          412.25 |             5.13 |  2.21
    30 |           22.26 |          410.30 |             5.12 |  2.25
    31 |           24.61 |          412.08 |             5.11 |  2.24
    32 |           22.64 |          410.85 |             7.79 |  2.23
    33 |           21.39 |          408.22 |             7.52 |  2.27
    34 |           22.92 |          408.90 |             5.12 |  2.27
    35 |           23.08 |          405.63 |             5.22 |  2.28
    36 |           25.07 |          409.81 |             5.15 |  2.24
    37 |           23.15 |          406.63 |             5.22 |  2.27
    38 |           25.67 |          407.02 |             8.94 |  2.24
    39 |           29.59 |          409.31 |             8.14 |  2.21
    40 |           25.17 |          411.41 |             5.09 |  2.25
    41 |           22.67 |          405.46 |             7.63 |  2.27
    42 |           24.40 |          411.14 |             5.10 |  2.24
    43 |           25.79 |          410.48 |             5.17 |  2.24
    44 |           26.91 |          410.75 |             5.17 |  2.22
    45 |           20.53 |          413.41 |             5.14 |  2.25
    46 |           22.47 |          412.13 |             5.18 |  2.24
    47 |           27.94 |          408.53 |             5.19 |  2.23
    48 |           21.33 |          410.89 |             5.16 |  2.26
    49 |           27.63 |          409.83 |             5.21 |  2.23
    50 |           36.49 |          406.04 |             7.84 |  2.20
    51 |           28.86 |          410.30 |             7.71 |  2.21
    52 |           31.24 |          418.47 |             5.83 |  2.17
    53 |           30.20 |          445.88 |             6.74 |  2.04
    54 |           46.14 |          427.09 |             5.32 |  2.06
    55 |           23.98 |          470.79 |             9.40 |  1.95
    56 |           34.57 |          475.55 |            13.18 |  1.90
    57 |          177.73 |          435.77 |             9.00 |  1.59
    58 |           33.07 |          420.52 |             7.53 |  2.15
    59 |           23.54 |          408.24 |             7.85 |  2.25
    60 |           25.78 |          405.40 |             7.78 |  2.25
    61 |           27.70 |          406.71 |             7.42 |  2.24
    62 |           32.69 |          410.88 |             7.43 |  2.19
    63 |           25.19 |          412.77 |             5.11 |  2.22
    64 |           29.58 |          412.24 |             5.21 |  2.21
    65 |           27.85 |          410.33 |             5.87 |  2.23
    66 |           23.68 |          420.98 |             5.17 |  2.20
    67 |           23.84 |          414.75 |             5.16 |  2.23
    68 |           24.72 |          443.69 |            10.89 |  2.05
    69 |           20.36 |          445.15 |             5.11 |  2.11
    70 |           21.99 |          406.98 |             5.04 |  2.29
    71 |           20.05 |          408.81 |             5.11 |  2.28
    72 |           19.20 |          410.97 |             5.13 |  2.28
    73 |           21.16 |          407.84 |             5.05 |  2.28
    74 |           23.75 |          414.52 |             5.12 |  2.23
    75 |           21.28 |          408.09 |             5.07 |  2.28
    76 |           31.67 |          413.97 |             5.09 |  2.19
    77 |           39.32 |          407.73 |             5.11 |  2.19
    78 |           25.92 |          412.44 |             5.16 |  2.23
    79 |           28.46 |          405.95 |             5.09 |  2.25
    80 |           30.66 |          407.26 |             5.26 |  2.24
    81 |           19.22 |          405.95 |             5.14 |  2.29
    82 |           23.77 |          406.65 |             7.42 |  2.25
    83 |           31.17 |          407.35 |             7.75 |  2.22
    84 |           33.32 |          408.14 |             7.46 |  2.20
    85 |           24.35 |          412.98 |             5.86 |  2.23
    86 |           18.02 |          403.40 |             5.09 |  2.32
    87 |           28.16 |          414.18 |             5.09 |  2.21
    88 |           28.53 |          409.08 |             5.69 |  2.23
    89 |           20.64 |          412.20 |             5.13 |  2.25
    90 |           34.64 |          413.67 |             5.11 |  2.19
    91 |           19.71 |          408.82 |             5.04 |  2.28
    92 |           19.36 |          410.28 |             7.63 |  2.26
    93 |           27.72 |          407.29 |             6.10 |  2.24
    94 |           27.86 |          406.90 |             5.07 |  2.25
    95 |           18.43 |          406.52 |             5.17 |  2.30
    96 |           28.43 |          405.20 |             5.06 |  2.25
    97 |           25.10 |          403.95 |             7.37 |  2.27
    98 |           27.52 |          419.36 |             5.05 |  2.19
    99 |           23.11 |          402.88 |             4.97 |  2.30
   100 |           27.97 |          406.04 |             5.06 |  2.25
   101 |           21.44 |          403.02 |             5.01 |  2.29
   102 |           24.95 |          406.26 |             5.10 |  2.27
   103 |           33.60 |          408.85 |             5.14 |  2.21
   104 |           33.02 |          409.93 |             5.13 |  2.20
   105 |           34.20 |          412.42 |             5.16 |  2.18
   106 |           30.03 |          409.90 |             5.11 |  2.22
   107 |           26.63 |          405.40 |             5.04 |  2.27
   108 |           25.33 |          407.01 |             5.05 |  2.27
   109 |           22.86 |          402.02 |             5.10 |  2.31
   110 |           25.25 |          408.07 |             7.63 |  2.25
   111 |           26.32 |          404.27 |             5.09 |  2.28
   112 |           20.22 |          406.48 |             5.20 |  2.29
   113 |           33.11 |          406.59 |             5.08 |  2.23
   114 |           26.03 |          405.75 |             5.13 |  2.26
   115 |           26.86 |          405.59 |             7.40 |  2.24
   116 |           28.31 |          411.80 |             7.44 |  2.22
   117 |           24.07 |          405.01 |             5.56 |  2.28
   118 |           29.34 |          402.86 |             5.04 |  2.27
   119 |          154.93 |          401.96 |             5.02 |  1.74
   120 |           23.12 |          408.30 |             7.41 |  2.26
   121 |           27.04 |          405.98 |             5.09 |  2.26
   122 |           24.25 |          406.17 |             5.12 |  2.27
   123 |           26.03 |          402.00 |             5.12 |  2.27
   124 |           18.10 |          403.82 |             7.38 |  2.29
   125 |           31.14 |          411.62 |             7.45 |  2.20
   126 |           31.29 |          412.66 |             5.31 |  2.21
   127 |           17.17 |          404.96 |             5.30 |  2.32
   128 |           20.28 |          405.43 |             5.24 |  2.29
   129 |           31.55 |          412.93 |             9.04 |  2.18
   130 |           23.35 |          412.76 |             5.13 |  2.22
   131 |           30.27 |          411.62 |             5.09 |  2.21
   132 |           28.91 |          410.34 |             5.22 |  2.23
   133 |           24.29 |          408.33 |             5.19 |  2.26
   134 |           26.46 |          409.47 |             5.41 |  2.24
   135 |           25.68 |          407.43 |             5.41 |  2.25
   136 |           15.74 |          405.62 |             5.22 |  2.32
   137 |           26.34 |          412.78 |             5.19 |  2.22
   138 |           26.61 |          411.74 |             5.23 |  2.23
   139 |           22.92 |          412.77 |             5.14 |  2.25
   140 |           21.90 |          403.79 |             5.17 |  2.30
   141 |           23.40 |          407.10 |             7.52 |  2.26
   142 |           23.52 |          410.83 |             7.81 |  2.24
   143 |           25.91 |          407.62 |             5.19 |  2.26
   144 |           25.33 |          404.64 |             7.43 |  2.26
   145 |           20.60 |          413.40 |             7.45 |  2.25
   146 |           27.16 |          402.16 |             5.18 |  2.28
   147 |           22.33 |          406.52 |             7.41 |  2.27
   148 |           23.97 |          406.67 |             8.42 |  2.25
   149 |           27.27 |          404.38 |             5.05 |  2.25
   150 |           21.44 |          405.84 |             5.17 |  2.29
   151 |           31.36 |          414.12 |             5.53 |  2.19
   152 |           24.01 |          409.66 |             7.85 |  2.24
   153 |           17.90 |          415.78 |             7.43 |  2.23
   154 |           27.58 |          408.49 |             5.22 |  2.24
   155 |           21.84 |          409.95 |             5.10 |  2.26
   156 |           26.49 |          410.79 |             5.26 |  2.23
   157 |           34.76 |          413.43 |             8.68 |  2.16
   158 |           31.53 |          414.49 |             5.15 |  2.19
   159 |           28.03 |          413.00 |             7.39 |  2.20
   160 |           22.36 |          406.39 |             5.16 |  2.28
   161 |           21.95 |          404.18 |             6.17 |  2.29
   162 |           20.04 |          407.90 |             5.14 |  2.28
   163 |           18.63 |          404.21 |             5.23 |  2.31
   164 |           33.21 |          408.56 |             8.99 |  2.19
   165 |           25.43 |          413.31 |             7.50 |  2.22
   166 |           36.01 |          408.92 |             5.24 |  2.21
   167 |           18.55 |          410.22 |             7.90 |  2.26
   168 |           26.25 |          410.26 |             7.51 |  2.23
   169 |           24.41 |          404.01 |             5.16 |  2.28
   170 |           22.00 |          441.49 |             5.23 |  2.11
   171 |           21.84 |          405.99 |             5.21 |  2.28
   172 |           25.26 |          406.78 |             5.14 |  2.26
   173 |           20.54 |          412.47 |             5.21 |  2.26
   174 |           22.73 |          408.16 |             5.27 |  2.27
   175 |           24.06 |          402.27 |             5.21 |  2.29
   176 |           17.61 |          406.85 |             5.22 |  2.30
   177 |           22.20 |          406.38 |             7.90 |  2.27
   178 |           27.82 |          403.81 |             5.26 |  2.27
   179 |           23.32 |          407.78 |             5.21 |  2.27
   180 |           18.97 |          402.31 |             5.18 |  2.32
   181 |          154.62 |          400.68 |             5.21 |  1.76
   182 |           20.60 |          406.84 |             7.60 |  2.27
   183 |           17.16 |          404.39 |             7.51 |  2.29
   184 |           20.11 |          407.32 |             8.71 |  2.27
   185 |           19.61 |          407.20 |             5.21 |  2.30
   186 |           25.29 |          403.78 |             5.16 |  2.28
   187 |           19.49 |          405.71 |             5.28 |  2.29
   188 |           25.08 |          411.12 |             5.19 |  2.24
   189 |           20.38 |          408.00 |             5.13 |  2.28
   190 |           23.71 |          405.59 |             5.12 |  2.28
   191 |           16.06 |          407.94 |             5.23 |  2.30
   192 |           19.55 |          408.00 |             5.13 |  2.28
   193 |           23.78 |          403.86 |             5.18 |  2.29
   194 |           25.10 |          404.42 |             7.53 |  2.27
   195 |           26.78 |          403.94 |             7.89 |  2.25
   196 |           25.11 |          403.68 |             5.23 |  2.28
   197 |           21.83 |          404.93 |             5.22 |  2.29
   198 |           16.98 |          409.86 |             8.68 |  2.27
   199 |           23.71 |          406.97 |             8.55 |  2.25
   200 |           26.78 |          407.22 |             7.92 |  2.24
   201 |           23.29 |          410.15 |             5.20 |  2.26
   202 |           26.98 |          404.32 |             5.17 |  2.27
   203 |           23.20 |          402.54 |             8.45 |  2.27
   204 |           18.82 |          403.86 |             5.29 |  2.31
   205 |           20.90 |          408.77 |             5.13 |  2.27
   206 |           27.40 |          404.06 |             5.15 |  2.26
   207 |           31.01 |          410.53 |             5.10 |  2.21
   208 |           29.04 |          409.21 |             5.15 |  2.23
   209 |           17.12 |          412.57 |             5.07 |  2.28
   210 |           26.36 |          407.15 |             5.15 |  2.25
   211 |           24.82 |          404.75 |             8.97 |  2.26
   212 |           17.40 |          406.63 |             5.14 |  2.31
   213 |           29.36 |          412.26 |             6.05 |  2.20
   214 |           27.27 |          410.60 |             5.17 |  2.24
   215 |           16.05 |          409.81 |             5.04 |  2.29
   216 |           25.90 |          410.48 |             5.17 |  2.24
   217 |           20.79 |          410.45 |             5.12 |  2.27
   218 |           26.75 |          403.18 |             5.03 |  2.27
   219 |           20.92 |          402.65 |             5.04 |  2.31
   220 |           28.77 |          403.67 |             5.03 |  2.26
   221 |           23.66 |          404.38 |             5.00 |  2.29
   222 |           21.74 |          440.70 |             8.83 |  2.10
   223 |           19.98 |          407.21 |             5.06 |  2.29
   224 |           22.76 |          405.51 |             5.15 |  2.28
   225 |           19.29 |          406.16 |             5.11 |  2.30
   226 |           28.14 |          405.97 |             8.84 |  2.24
   227 |           29.24 |          411.44 |             5.18 |  2.22
   228 |           24.33 |          408.19 |             5.16 |  2.27
   229 |           21.74 |          403.51 |             8.16 |  2.28
   230 |           27.15 |          407.42 |             5.08 |  2.25
   231 |           30.08 |          410.21 |             5.28 |  2.22
   232 |           21.47 |          404.30 |             5.14 |  2.29
   233 |           31.78 |          410.27 |             7.81 |  2.19
   234 |           33.76 |          413.13 |             5.22 |  2.19
   235 |           23.99 |          418.55 |             5.22 |  2.22
   236 |           21.88 |          413.95 |             5.17 |  2.25
   237 |           28.60 |          409.30 |             8.78 |  2.21
   238 |           24.52 |          411.62 |             6.06 |  2.24
   239 |           34.95 |          413.01 |             5.13 |  2.18
   240 |           20.11 |          409.89 |             5.14 |  2.24
   241 |           23.88 |          413.76 |             9.04 |  2.22
   242 |           27.34 |          408.82 |             5.10 |  2.25
   243 |          149.82 |          406.47 |             5.21 |  1.75
   244 |           21.27 |          412.65 |             5.15 |  2.24
   245 |           24.94 |          409.63 |             7.45 |  2.23
   246 |           23.47 |          403.31 |             7.45 |  2.28
   247 |           27.65 |          404.32 |             5.16 |  2.27
   248 |           23.59 |          406.50 |             5.15 |  2.27
   249 |           29.64 |          413.88 |             5.18 |  2.21
   250 |           21.86 |          407.60 |             5.20 |  2.28
   251 |           21.36 |          412.53 |             5.11 |  2.26
   252 |           18.89 |          408.23 |             5.14 |  2.29
   253 |           27.00 |          407.38 |             5.17 |  2.25
   254 |           24.55 |          405.40 |             5.22 |  2.28
   255 |           19.04 |          408.69 |             5.20 |  2.29
   256 |           18.21 |          407.83 |             5.27 |  2.29
   257 |           26.87 |          405.63 |             5.11 |  2.26
   258 |           27.42 |          409.54 |             5.31 |  2.24
   259 |           26.24 |          408.87 |             5.17 |  2.25
   260 |           16.80 |          407.64 |             5.22 |  2.30
   261 |           23.12 |          403.07 |             5.17 |  2.29
   262 |           23.63 |          411.85 |             8.53 |  2.23
   263 |           22.38 |          410.06 |             7.51 |  2.25
   264 |           21.41 |          406.31 |             8.50 |  2.27
   265 |           18.58 |          407.29 |             7.52 |  2.28
   266 |           25.34 |          413.44 |             5.23 |  2.23
   267 |           20.15 |          410.52 |             5.15 |  2.27
   268 |           29.54 |          414.26 |             6.82 |  2.19
   269 |           25.10 |          408.31 |             5.17 |  2.25
   270 |           25.98 |          404.00 |             7.54 |  2.26
   271 |           21.66 |          406.82 |             7.53 |  2.27
   272 |           20.51 |          407.44 |             5.31 |  2.29
   273 |           27.00 |          442.43 |             5.26 |  2.08
   274 |           26.40 |          413.55 |             5.24 |  2.21
   275 |           22.99 |          413.49 |             5.23 |  2.24
   276 |           26.88 |          416.71 |             5.42 |  2.20
   277 |           19.10 |          407.69 |             5.21 |  2.29
   278 |           19.90 |          406.51 |             5.12 |  2.30
   279 |           20.45 |          407.86 |             5.17 |  2.29
   280 |           22.28 |          411.72 |             5.22 |  2.25
   281 |           28.22 |          407.55 |             5.20 |  2.24
   282 |           24.89 |          411.95 |             5.23 |  2.23
   283 |           28.08 |          409.85 |             5.19 |  2.23
   284 |           17.71 |          410.68 |             5.20 |  2.28
   285 |           20.68 |          409.24 |             5.17 |  2.27
   286 |           24.92 |          404.02 |             7.88 |  2.27
   287 |           20.35 |          408.20 |             7.45 |  2.27
   288 |           20.53 |          405.03 |             5.22 |  2.30
   289 |           32.35 |          408.78 |             5.16 |  2.22
   290 |           26.00 |          410.94 |             5.20 |  2.21
   291 |           28.14 |          413.93 |             8.63 |  2.19
   292 |           25.25 |          412.49 |             5.27 |  2.22
   293 |           25.95 |          410.84 |             5.15 |  2.24
   294 |           23.37 |          403.57 |             5.25 |  2.29
   295 |           18.28 |          411.82 |             5.14 |  2.27
   296 |           21.20 |          405.56 |             5.26 |  2.29
   297 |           25.31 |          405.37 |             5.15 |  2.27
   298 |           18.67 |          407.29 |             5.22 |  2.29
   299 |           26.17 |          412.14 |             5.18 |  2.23
   300 |           21.35 |          410.13 |             5.18 |  2.27
   301 |           17.96 |          407.82 |             5.14 |  2.30
   302 |           26.26 |          406.86 |             5.17 |  2.26
   303 |           23.13 |          407.01 |             5.24 |  2.28
   304 |           29.15 |          402.37 |             5.07 |  2.27
   305 |          150.97 |          399.18 |             5.10 |  1.77
   306 |           24.22 |          401.00 |             5.11 |  2.30
   307 |           17.92 |          402.46 |             5.21 |  2.33
   308 |           16.16 |          405.99 |             5.22 |  2.32
   309 |           29.56 |          403.42 |             5.22 |  2.26
   310 |           22.52 |          411.98 |             7.49 |  2.23
   311 |           21.92 |          433.33 |             7.79 |  2.14
   312 |           36.69 |          425.08 |             5.71 |  2.11
   313 |           41.66 |          416.10 |             5.22 |  2.14
   314 |           24.38 |          431.79 |             5.27 |  2.15
   315 |           14.54 |          412.85 |             5.65 |  2.29
   316 |           18.81 |          406.30 |             5.15 |  2.31
   317 |           13.19 |          419.56 |             8.07 |  2.25
   318 |           15.63 |          407.08 |             7.99 |  2.30
   319 |           15.87 |          429.44 |             8.54 |  2.19
   320 |           20.58 |          418.34 |             7.50 |  2.22
   321 |           17.09 |          410.06 |             7.40 |  2.28
   322 |           14.37 |          417.08 |             9.92 |  2.25
   323 |           14.89 |          403.14 |             5.11 |  2.35
   324 |           16.33 |          417.06 |             5.84 |  2.24
   325 |           16.99 |          410.17 |             5.13 |  2.29
   326 |           16.30 |          404.38 |             5.12 |  2.33
   327 |           18.60 |          410.89 |             5.95 |  2.28
   328 |           16.59 |          416.06 |             6.62 |  2.26
   329 |           15.95 |          426.07 |             6.67 |  2.21
   330 |           19.31 |          419.21 |             7.23 |  2.23
   331 |           17.58 |          429.02 |             9.54 |  2.18
   332 |           22.53 |          413.11 |            10.20 |  2.22
   333 |           17.82 |          427.61 |             7.37 |  2.18
   334 |           14.09 |          426.53 |             5.97 |  2.20
   335 |           17.11 |          447.40 |             5.68 |  2.11
   336 |           21.04 |          453.69 |            12.13 |  2.03
   337 |           16.62 |          403.73 |             5.12 |  2.33
   338 |           13.42 |          412.77 |             5.61 |  2.30
   339 |           17.82 |          408.35 |             5.13 |  2.30
   340 |           17.69 |          404.13 |             8.97 |  2.31
   341 |           18.63 |          409.33 |             5.15 |  2.29
   342 |           16.21 |          408.81 |             5.20 |  2.30
   343 |           17.65 |          409.57 |             8.93 |  2.27
   344 |           19.16 |          435.75 |             7.28 |  2.15
   345 |           18.30 |          408.89 |             5.17 |  2.30
   346 |           21.04 |          421.28 |            13.09 |  2.16
   347 |           31.64 |          434.61 |             9.09 |  2.08
   348 |           16.75 |          402.53 |             8.19 |  2.32
   349 |           14.97 |          404.86 |             5.19 |  2.34
   350 |           13.30 |          409.25 |             7.09 |  2.31
   351 |           15.47 |          425.83 |            10.03 |  2.20
   352 |           17.39 |          424.44 |             6.12 |  2.21
   353 |           15.17 |          404.34 |             5.39 |  2.34
   354 |           14.66 |          403.25 |             5.26 |  2.35
   355 |           18.14 |          419.87 |            11.27 |  2.21
   356 |           17.47 |          424.43 |             9.85 |  2.20
   357 |           18.78 |          419.98 |             9.51 |  2.21
   358 |           15.68 |          403.60 |             5.27 |  2.34
   359 |           15.41 |          407.53 |            12.34 |  2.28
   360 |           13.36 |          419.30 |             6.73 |  2.26
   361 |           16.25 |          420.11 |             8.62 |  2.23
   362 |           14.36 |          409.17 |             5.22 |  2.31
   363 |           19.62 |          409.35 |             5.28 |  2.28
   364 |           16.28 |          410.37 |             5.14 |  2.29
   365 |           16.20 |          405.57 |             5.12 |  2.32
   366 |           16.67 |          412.47 |             5.12 |  2.29
   367 |          145.64 |          405.89 |             5.17 |  1.78
   368 |           13.27 |          404.37 |             5.15 |  2.35
   369 |           12.72 |          401.38 |             5.16 |  2.37
   370 |           13.23 |          401.22 |             5.17 |  2.37
   371 |           13.14 |          400.03 |             5.16 |  2.37
   372 |           13.39 |          399.71 |             5.14 |  2.37
   373 |           12.73 |          401.69 |             5.47 |  2.36
   374 |           13.17 |          400.58 |             5.18 |  2.37
   375 |           12.72 |          400.18 |             5.28 |  2.37
   376 |           13.15 |          399.54 |             5.15 |  2.38
   377 |           13.41 |          401.10 |             5.14 |  2.36
   378 |           13.46 |          399.23 |             5.21 |  2.38
   379 |           12.76 |          400.23 |             5.15 |  2.37
   380 |           13.22 |          400.45 |             5.17 |  2.37
   381 |           13.52 |          398.84 |             5.12 |  2.38
   382 |           13.50 |          399.03 |             5.13 |  2.38
   383 |           12.69 |          401.38 |             5.21 |  2.37
   384 |           13.23 |          399.55 |             5.03 |  2.38
   385 |           13.26 |          399.58 |             5.13 |  2.37
   386 |           13.33 |          400.94 |             5.18 |  2.37
   387 |           12.74 |          400.47 |             5.16 |  2.37
   388 |           13.23 |          399.40 |             5.04 |  2.38
   389 |           13.23 |          400.86 |             5.24 |  2.37
   390 |           13.81 |          399.74 |             5.17 |  2.37
   391 |           12.78 |          401.34 |             5.04 |  2.37
   392 |           13.10 |          402.96 |             5.09 |  2.36
   393 |           13.28 |          400.48 |             5.06 |  2.37
   394 |           13.27 |          400.41 |             5.09 |  2.37
   395 |           12.66 |          402.30 |             5.10 |  2.36
   396 |           13.19 |          400.40 |             5.13 |  2.37
   397 |           13.34 |          400.95 |             5.10 |  2.37
   398 |           12.95 |          402.13 |             5.15 |  2.36
   399 |           12.72 |          401.66 |             5.10 |  2.37
   400 |           13.11 |          400.80 |             5.12 |  2.37
   401 |           13.20 |          401.29 |             5.13 |  2.37
   402 |           13.30 |          400.22 |             5.13 |  2.37
   403 |           12.67 |          401.97 |             5.18 |  2.37
   404 |           13.03 |          402.37 |             5.11 |  2.36
   405 |           13.91 |          400.45 |             5.11 |  2.37
   406 |           13.76 |          400.35 |             5.10 |  2.37
   407 |           12.62 |          401.82 |             5.22 |  2.37
   408 |           13.06 |          401.56 |             5.12 |  2.37
   409 |           13.66 |          401.24 |             5.13 |  2.36
   410 |           13.44 |          401.49 |             5.20 |  2.36
   411 |           12.73 |          401.35 |             5.16 |  2.37
   412 |           13.19 |          401.49 |             5.06 |  2.37
   413 |           13.46 |          403.58 |             5.10 |  2.35
   414 |           14.14 |          399.83 |             5.08 |  2.37
   415 |           12.75 |          401.94 |             5.16 |  2.37
   416 |           13.12 |          400.48 |             5.08 |  2.37
   417 |           13.48 |          400.29 |             5.07 |  2.37
   418 |           13.38 |          400.65 |             5.19 |  2.37
   419 |           12.63 |          402.09 |             5.12 |  2.36
   420 |           13.21 |          399.84 |             5.07 |  2.37
   421 |           13.45 |          400.85 |             5.04 |  2.37
   422 |           13.29 |          400.48 |             5.02 |  2.37
   423 |           13.79 |          402.35 |             5.17 |  2.36
   424 |           13.15 |          401.84 |             5.04 |  2.36
   425 |           13.16 |          401.48 |             5.06 |  2.36
   426 |           13.11 |          400.02 |             5.13 |  2.37
   427 |           12.93 |          403.23 |             5.19 |  2.36
   428 |           12.18 |          401.79 |             5.07 |  2.37
   429 |           13.25 |          407.10 |             8.74 |  2.31
   430 |           17.11 |          423.14 |             6.38 |  2.22
   431 |           21.47 |          436.10 |             9.08 |  2.13
   432 |           17.30 |          423.93 |            10.15 |  2.20
   433 |          141.79 |          414.34 |             8.33 |  1.75
   434 |           15.01 |          426.56 |            10.16 |  2.20
   435 |           21.39 |          427.20 |            11.17 |  2.16
   436 |           14.76 |          428.06 |             7.73 |  2.20
   437 |           14.81 |          402.85 |             5.11 |  2.35
   438 |           14.22 |          416.05 |             5.62 |  2.28
   439 |           18.96 |          422.15 |             5.18 |  2.22
   440 |           16.56 |          406.14 |             5.13 |  2.32
   441 |           15.20 |          402.65 |             5.27 |  2.35
   442 |           13.11 |          402.01 |             5.13 |  2.36
   443 |           12.63 |          402.46 |             5.18 |  2.36
   444 |           17.53 |          401.88 |             5.20 |  2.34
   445 |           20.16 |          416.32 |            10.99 |  2.21
   446 |           18.55 |          415.16 |             7.71 |  2.24
   447 |           18.42 |          414.76 |             7.57 |  2.25
   448 |           18.55 |          426.10 |             7.54 |  2.18
   449 |           22.70 |          430.28 |             8.01 |  2.14
   450 |           19.72 |          435.36 |             6.97 |  2.14
   451 |           15.92 |          414.69 |             5.49 |  2.27
   452 |           18.94 |          425.38 |            11.72 |  2.17
   453 |           24.46 |          452.10 |             8.50 |  2.05
   454 |           24.97 |          435.97 |             5.89 |  2.12
   455 |           19.47 |          413.24 |             5.28 |  2.26
   456 |           20.84 |          410.63 |             6.18 |  2.26
   457 |           18.73 |          422.75 |             5.59 |  2.22
   458 |           18.60 |          428.10 |             5.64 |  2.19
   459 |           16.94 |          411.26 |             5.17 |  2.29
   460 |           19.19 |          412.87 |             7.43 |  2.26
   461 |           21.27 |          433.14 |             9.62 |  2.14
   462 |           25.40 |          422.80 |             5.19 |  2.18
   463 |           21.02 |          410.15 |             5.50 |  2.27
   464 |           18.25 |          419.72 |             6.06 |  2.23
   465 |           13.27 |          414.88 |             6.33 |  2.28
   466 |           19.30 |          414.88 |             5.25 |  2.26
   467 |           14.97 |          414.63 |             5.24 |  2.28
   468 |           16.03 |          410.68 |             7.63 |  2.29
   469 |           13.52 |          411.66 |             5.26 |  2.31
   470 |           16.12 |          405.61 |             7.53 |  2.31
   471 |           23.07 |          411.20 |             7.75 |  2.24
   472 |           20.30 |          422.24 |            10.02 |  2.19
   473 |           13.21 |          423.41 |             5.16 |  2.25
   474 |           13.61 |          408.06 |             8.95 |  2.31
   475 |           17.05 |          413.12 |            11.68 |  2.25
   476 |           15.96 |          412.67 |             9.92 |  2.26
   477 |           16.02 |          429.41 |            10.08 |  2.18
   478 |           17.02 |          429.39 |             5.68 |  2.20
   479 |           14.55 |          413.40 |             8.23 |  2.27
   480 |           18.31 |          447.23 |             9.19 |  2.09
   481 |           15.90 |          437.37 |             6.70 |  2.16
   482 |           21.60 |          443.99 |            11.93 |  2.06
   483 |           36.38 |          439.47 |             6.35 |  2.04
   484 |           13.63 |          417.97 |             5.17 |  2.27
   485 |           18.29 |          406.19 |             7.25 |  2.30
   486 |           15.34 |          408.01 |             6.09 |  2.31
   487 |           17.87 |          409.81 |             7.52 |  2.28
   488 |           14.46 |          402.06 |             5.18 |  2.36
   489 |           13.63 |          436.77 |             8.07 |  2.17
   490 |           17.06 |          417.93 |             5.20 |  2.26
   491 |           19.43 |          417.43 |             5.19 |  2.25
   492 |           15.62 |          415.03 |            12.75 |  2.24
   493 |           19.04 |          441.97 |             5.17 |  2.13
   494 |           21.31 |          434.35 |             8.87 |  2.13
   495 |          163.06 |          405.92 |            12.51 |  1.70
   496 |           13.57 |          408.34 |             6.10 |  2.32
   497 |           17.39 |          428.24 |             5.67 |  2.20
   498 |           22.06 |          452.04 |             8.22 |  2.06
   499 |           15.39 |          443.25 |             7.82 |  2.13
   500 |           13.58 |          419.48 |             9.10 |  2.24
   501 |           17.05 |          420.11 |             7.71 |  2.23
   502 |           19.75 |          404.68 |             5.08 |  2.31
   503 |           14.91 |          403.75 |             5.16 |  2.34
   504 |           14.70 |          401.17 |             7.53 |  2.35
   505 |           16.25 |          409.54 |             7.43 |  2.29
   506 |           14.44 |          409.77 |             5.10 |  2.31
   507 |           16.38 |          409.32 |             7.75 |  2.29
   508 |           21.01 |          416.77 |             8.96 |  2.22
   509 |           18.94 |          415.01 |             7.13 |  2.24
   510 |           18.63 |          407.72 |             6.80 |  2.29
   511 |           17.71 |          406.11 |             5.62 |  2.31
   512 |           16.99 |          408.76 |             5.23 |  2.30
   513 |           20.94 |          414.92 |             5.22 |  2.25
   514 |           21.26 |          408.53 |             5.18 |  2.28
   515 |           13.68 |          407.32 |             7.80 |  2.32
   516 |           15.50 |          404.45 |             5.17 |  2.33
   517 |           17.33 |          401.79 |             7.81 |  2.32
   518 |           16.58 |          407.77 |             7.50 |  2.30
   519 |           16.76 |          445.20 |             9.10 |  2.11
   520 |           14.29 |          425.33 |             5.63 |  2.23
   521 |           21.20 |          421.32 |             7.44 |  2.20
   522 |           14.98 |          402.95 |             5.07 |  2.34
   523 |           14.77 |          425.10 |             5.41 |  2.23
   524 |           17.86 |          448.13 |             8.21 |  2.09
   525 |           17.31 |          437.31 |             8.85 |  2.14
   526 |           19.45 |          411.33 |             6.75 |  2.26
   527 |           21.54 |          406.91 |             5.13 |  2.29
   528 |           18.95 |          422.07 |             7.79 |  2.21
   529 |           20.29 |          436.33 |             8.54 |  2.13
   530 |           26.24 |          411.99 |             5.27 |  2.24
   531 |           19.14 |          404.45 |             5.12 |  2.31
   532 |           17.55 |          405.10 |             5.06 |  2.32
   533 |           15.79 |          405.03 |             5.09 |  2.32
   534 |           17.48 |          402.16 |             5.14 |  2.33
   535 |           19.65 |          402.78 |             8.86 |  2.30
   536 |           18.78 |          401.27 |             5.05 |  2.33
   537 |           15.85 |          401.25 |             4.99 |  2.34
   538 |           19.55 |          401.57 |             5.14 |  2.32
   539 |           17.61 |          400.88 |             5.10 |  2.33
   540 |           22.50 |          419.46 |             5.19 |  2.22
   541 |           13.47 |          429.21 |            10.89 |  2.19
   542 |           16.53 |          423.16 |             6.98 |  2.22
   543 |           18.87 |          419.13 |             7.59 |  2.23
   544 |           13.63 |          406.67 |             6.10 |  2.33
   545 |           19.93 |          435.53 |             8.83 |  2.14
   546 |           13.10 |          435.06 |             9.03 |  2.17
   547 |           19.12 |          420.06 |             5.10 |  2.23
   548 |           15.06 |          399.34 |             5.16 |  2.37
   549 |           16.50 |          416.70 |            10.02 |  2.24
   550 |           18.89 |          433.99 |            10.08 |  2.15
   551 |           17.19 |          411.20 |             7.78 |  2.28
   552 |           15.92 |          399.58 |             7.74 |  2.35
   553 |           19.21 |          406.38 |             5.21 |  2.30
   554 |           19.98 |          405.05 |             7.77 |  2.29
   555 |           20.68 |          418.65 |             8.87 |  2.21
   556 |           21.64 |          438.95 |             8.16 |  2.11
   557 |           14.52 |          436.97 |             9.23 |  2.15
   558 |          141.91 |          409.96 |             7.01 |  1.77
   559 |           13.39 |          422.95 |             8.08 |  2.23
   560 |           15.96 |          432.37 |             8.38 |  2.18
   561 |           19.44 |          423.71 |             5.13 |  2.22
   562 |           14.03 |          403.70 |             5.49 |  2.34
   563 |           14.57 |          406.37 |             6.18 |  2.32
   564 |           15.32 |          402.62 |             6.39 |  2.34
   565 |           14.84 |          407.60 |             5.46 |  2.32
   566 |           15.31 |          404.41 |             7.88 |  2.32
   567 |           14.88 |          399.04 |             5.14 |  2.37
   568 |           13.34 |          407.33 |             5.15 |  2.33
   569 |           20.56 |          403.42 |             5.19 |  2.31
   570 |           13.18 |          407.58 |             5.18 |  2.33
   571 |           15.36 |          401.20 |             7.48 |  2.34
   572 |           13.33 |          400.58 |             5.09 |  2.37
   573 |           14.29 |          401.39 |             8.58 |  2.34
   574 |           13.61 |          399.24 |             5.15 |  2.37
   575 |           14.51 |          400.02 |             5.50 |  2.36
   576 |           13.34 |          399.25 |             5.19 |  2.38
   577 |           12.82 |          401.11 |             5.12 |  2.37
   578 |           19.99 |          406.64 |             7.53 |  2.28
   579 |           18.37 |          405.27 |             5.26 |  2.30
   580 |           17.47 |          406.56 |             7.82 |  2.29
   581 |           18.41 |          403.33 |             7.85 |  2.31
   582 |           14.49 |          402.81 |             5.31 |  2.35
   583 |           15.00 |          408.79 |             7.51 |  2.30
   584 |           15.29 |          400.26 |             7.49 |  2.35
   585 |           18.31 |          402.23 |             5.21 |  2.33
   586 |           18.70 |          405.93 |             5.28 |  2.31
   587 |           19.21 |          414.37 |             7.85 |  2.24
   588 |           18.15 |          408.60 |             8.44 |  2.28
   589 |           20.32 |          407.78 |             5.16 |  2.29
   590 |           16.70 |          407.37 |             5.32 |  2.31
   591 |           16.31 |          422.98 |             9.12 |  2.21
   592 |           16.53 |          428.58 |             9.44 |  2.18
   593 |           14.26 |          412.56 |             9.07 |  2.28
   594 |           20.72 |          411.55 |             5.24 |  2.25
   595 |           18.69 |          406.83 |             5.25 |  2.31
   596 |           14.55 |          402.80 |             5.39 |  2.35
   597 |           20.02 |          417.30 |             8.89 |  2.22
   598 |           18.20 |          405.81 |             5.20 |  2.31
   599 |           18.52 |          405.41 |             5.17 |  2.30
   600 |           18.57 |          404.82 |             5.21 |  2.31
   601 |           21.82 |          404.93 |             5.21 |  2.29
   602 |           16.41 |          405.97 |             5.21 |  2.32
   603 |           22.83 |          421.78 |             5.38 |  2.20
   604 |           20.73 |          415.88 |             7.56 |  2.23
   605 |           17.33 |          407.70 |             5.37 |  2.30
   606 |           16.28 |          406.52 |             7.82 |  2.31
   607 |           16.39 |          414.20 |             7.61 |  2.27
   608 |           13.11 |          408.79 |             9.46 |  2.30
   609 |           24.45 |          442.77 |             9.82 |  2.08
   610 |           23.64 |          442.70 |            11.03 |  2.08
   611 |           29.19 |          412.19 |             7.55 |  2.20
   612 |           18.60 |          406.01 |             8.12 |  2.29
   613 |           16.10 |          422.18 |            10.27 |  2.21
   614 |           21.07 |          430.93 |             8.86 |  2.15
   615 |           20.23 |          411.09 |            11.05 |  2.24
   616 |           13.81 |          408.80 |             5.23 |  2.32
   617 |           29.20 |          413.44 |             7.46 |  2.20
   618 |           16.62 |          407.67 |             5.18 |  2.31
   619 |           19.19 |          402.73 |             5.33 |  2.33
   620 |           14.24 |          399.88 |             7.80 |  2.35
   621 |          146.53 |          401.22 |             5.39 |  1.79
   622 |           19.47 |          423.08 |            11.27 |  2.18
   623 |           25.52 |          444.70 |             6.70 |  2.07
   624 |           23.49 |          453.03 |             5.29 |  2.06
   625 |           19.45 |          452.01 |            12.54 |  2.05
   626 |           18.15 |          413.85 |            10.31 |  2.24
   627 |           26.23 |          432.32 |             6.30 |  2.13
   628 |           22.11 |          450.65 |             7.43 |  2.06
   629 |           18.25 |          405.90 |             5.19 |  2.30
   630 |           16.65 |          418.78 |             5.29 |  2.25
   631 |           19.17 |          405.55 |             8.03 |  2.29
   632 |           16.71 |          432.91 |             8.88 |  2.16
   633 |           21.55 |          438.08 |            10.30 |  2.11
   634 |           21.93 |          442.00 |             9.48 |  2.09
   635 |           19.18 |          422.09 |             7.60 |  2.21
   636 |           16.80 |          421.13 |             8.39 |  2.22
   637 |           16.21 |          446.24 |             7.82 |  2.11
   638 |           18.35 |          412.88 |             7.68 |  2.26
   639 |           17.19 |          413.91 |             6.76 |  2.27
   640 |           19.04 |          422.98 |             7.88 |  2.20
   641 |           16.48 |          407.90 |             5.37 |  2.31
   642 |           13.23 |          424.32 |            15.17 |  2.19
   643 |           23.77 |          436.81 |             7.42 |  2.12
   644 |           19.32 |          418.20 |             5.30 |  2.23
   645 |           17.09 |          423.16 |             7.98 |  2.19
   646 |           23.14 |          452.68 |            11.31 |  2.04
   647 |           21.23 |          406.63 |             5.06 |  2.29
   648 |           14.88 |          403.74 |             5.20 |  2.34
   649 |           14.62 |          428.13 |             9.34 |  2.20
   650 |           17.46 |          425.07 |            10.02 |  2.18
   651 |           24.06 |          424.15 |             5.13 |  2.19
   652 |           16.00 |          411.57 |             5.89 |  2.29
   653 |           16.34 |          410.01 |             9.29 |  2.28
   654 |           22.94 |          427.82 |             9.45 |  2.15
   655 |           26.61 |          423.39 |             9.35 |  2.16
   656 |           15.72 |          424.94 |             5.21 |  2.22
   657 |           17.64 |          426.03 |            10.47 |  2.19
   658 |           16.50 |          427.32 |            10.02 |  2.18
   659 |           13.46 |          440.65 |             6.56 |  2.15
   660 |           17.09 |          426.03 |             5.65 |  2.21

===========================================================================
--- PODSUMOWANIE ---
Przetworzone klatki: 660
Średni czas inferencji: 412.36 ms
