Klatka | Preprocess (ms) | Inferencja (ms) | Postprocess (ms) | FPS
---------------------------------------------------------------------------
     1 |          546.27 |          124.91 |           298.97 |  0.02
     2 |            3.67 |           27.11 |             4.38 | 21.41
     3 |            6.02 |           40.48 |            13.44 | 14.97
     4 |            4.95 |           21.76 |             8.39 | 24.73
     5 |            5.72 |           34.39 |             3.92 | 20.70
     6 |            7.52 |           29.86 |             3.15 | 22.24
     7 |            7.81 |           27.40 |             4.64 | 22.68
     8 |            9.95 |           27.91 |             4.46 | 20.55
     9 |            5.37 |           29.59 |             3.20 | 20.49
    10 |            7.86 |           28.78 |             6.42 | 20.03
    11 |           10.88 |           30.13 |             7.27 | 18.61
    12 |            8.04 |           27.54 |             3.26 | 23.66
    13 |            6.19 |           25.95 |             3.07 | 25.05
    14 |            8.24 |           31.62 |             2.07 | 21.24
    15 |            6.32 |           26.02 |             4.04 | 21.38
    16 |            7.22 |           28.14 |             4.29 | 22.57
    17 |            8.63 |           23.10 |             4.04 | 25.27
    18 |            6.19 |           27.04 |             3.88 | 23.07
    19 |            8.87 |           28.11 |             5.15 | 21.20
    20 |            8.70 |           26.31 |             3.00 | 22.98
    21 |            5.50 |           27.93 |             3.97 | 23.32
    22 |            6.39 |           22.51 |             3.08 | 27.60
    23 |            7.39 |           23.23 |             3.80 | 26.08
    24 |           10.27 |           24.27 |             5.38 | 22.10
    25 |            8.42 |           26.50 |             3.47 | 23.36
    26 |            7.51 |           28.60 |             5.07 | 21.48
    27 |           10.27 |           23.47 |             4.43 | 23.16
    28 |           10.94 |           25.64 |             3.92 | 22.10
    29 |            6.56 |           29.58 |             7.37 | 20.48
    30 |            7.69 |           25.62 |             3.54 | 24.39
    31 |            7.27 |           24.43 |             3.14 | 25.81
    32 |            8.80 |           25.93 |             5.52 | 22.25
    33 |            9.01 |           25.32 |             4.90 | 23.26
    34 |           10.20 |           29.67 |             4.09 | 20.53
    35 |            6.50 |           27.00 |             3.05 | 24.66
    36 |            9.05 |           23.55 |             4.13 | 24.60
    37 |            8.32 |           25.02 |             6.03 | 22.99
    38 |            9.67 |           25.08 |             3.40 | 23.32
    39 |            7.60 |           26.15 |             5.41 | 22.57
    40 |            4.82 |           23.81 |             5.98 | 26.20
    41 |           11.09 |           24.26 |             3.07 | 23.80
    42 |            9.93 |           26.22 |             3.31 | 22.56
    43 |            4.67 |           25.06 |             3.11 | 27.75
    44 |            3.67 |           25.69 |             6.64 | 24.36
    45 |            9.73 |           32.11 |             6.72 | 17.84
    46 |            8.22 |           28.74 |             6.35 | 20.56
    47 |           11.68 |           28.19 |             6.86 | 19.47
    48 |            5.81 |           26.62 |             3.07 | 25.42
    49 |            8.11 |           28.21 |             4.75 | 21.54
    50 |            6.71 |           24.05 |             3.20 | 26.45
    51 |            6.49 |           27.68 |             3.10 | 24.52
    52 |            7.24 |           22.69 |             3.17 | 26.68
    53 |            7.56 |           25.88 |             6.55 | 22.98
    54 |           10.82 |           28.16 |             6.05 | 20.48
    55 |            6.92 |           30.41 |             3.06 | 22.52
    56 |            7.62 |           24.00 |             4.86 | 24.45
    57 |            7.94 |           26.16 |             7.01 | 22.04
    58 |           11.26 |           26.04 |             4.78 | 21.04
    59 |           13.27 |           24.64 |             4.78 | 21.14
    60 |            7.93 |           26.14 |             4.76 | 23.01
    61 |            7.82 |           23.38 |             4.24 | 24.00
    62 |            9.86 |           27.15 |             3.15 | 22.13
    63 |            5.28 |           23.67 |             3.40 | 27.22
    64 |            7.29 |           23.77 |             3.12 | 26.39
    65 |            6.59 |           22.90 |             3.17 | 27.03
    66 |            8.21 |           27.55 |             3.03 | 22.82
    67 |           11.35 |           27.04 |             3.16 | 22.05
    68 |            6.94 |           23.43 |             3.11 | 26.94
    69 |           13.92 |           25.04 |             4.07 | 21.17
    70 |            7.44 |           29.11 |             5.40 | 21.32
    71 |           10.62 |           27.04 |             5.23 | 20.70
    72 |            7.06 |           26.82 |             3.20 | 24.68
    73 |            8.57 |           24.84 |             4.98 | 23.39
    74 |            5.86 |           25.20 |             3.33 | 25.36
    75 |           12.28 |           25.29 |             3.15 | 22.03
    76 |            5.95 |           29.44 |             3.81 | 23.39
    77 |            6.79 |           25.98 |             5.02 | 23.72
    78 |            7.53 |           24.17 |             5.56 | 24.01
    79 |            8.59 |           29.73 |             6.00 | 20.65
    80 |            9.16 |           27.24 |             3.11 | 22.54
    81 |            5.14 |           26.34 |             3.06 | 24.42
    82 |            5.66 |           28.07 |             5.92 | 22.87
    83 |            8.71 |           28.42 |             3.51 | 22.36
    84 |            6.63 |           23.34 |             4.33 | 25.84
    85 |            7.11 |           25.55 |             4.58 | 24.38
    86 |           10.14 |           26.22 |             5.43 | 21.32
    87 |           10.30 |           25.44 |             5.84 | 21.65
    88 |            9.19 |           26.53 |             4.83 | 22.42
    89 |           12.00 |           28.84 |             4.81 | 19.82
    90 |           12.93 |           24.20 |             3.13 | 22.89
    91 |            8.92 |           26.99 |             3.12 | 22.64
    92 |            7.47 |           21.54 |             3.30 | 27.25
    93 |           11.21 |           27.89 |             3.14 | 21.68
    94 |            6.27 |           27.25 |             3.85 | 24.02
    95 |            7.16 |           28.73 |             3.10 | 23.67
    96 |            9.77 |           24.85 |             4.01 | 22.32
    97 |            8.97 |           27.72 |             6.68 | 21.36
    98 |            7.31 |           25.96 |             8.31 | 21.36
    99 |            8.29 |           26.26 |             3.10 | 23.27
   100 |            7.12 |           22.72 |             3.08 | 25.01
   101 |            6.31 |           30.10 |             5.94 | 21.59
   102 |            9.67 |           27.75 |             4.12 | 21.66
   103 |            7.60 |           28.56 |             4.82 | 21.69
   104 |            6.68 |           26.66 |             3.13 | 24.52
   105 |            6.39 |           26.26 |             3.78 | 24.04
   106 |           11.76 |           25.21 |             4.60 | 21.70
   107 |            9.82 |           25.01 |             3.39 | 23.60
   108 |            5.27 |           25.89 |             3.13 | 26.12
   109 |            4.98 |           25.83 |             4.62 | 25.17
   110 |            8.84 |           26.14 |             3.14 | 23.95
   111 |           11.20 |           24.13 |             3.51 | 22.93
   112 |            7.79 |           25.06 |             3.18 | 24.51
   113 |            6.15 |           26.22 |             4.17 | 25.11
   114 |            8.47 |           23.84 |             5.04 | 23.48
   115 |            7.57 |           25.64 |             6.06 | 22.53
   116 |           10.35 |           32.63 |             5.90 | 17.67
   117 |            6.46 |           25.29 |             4.63 | 23.77
   118 |            5.17 |           27.67 |             3.06 | 25.20
   119 |            5.80 |           27.80 |             3.07 | 24.65
   120 |            7.24 |           26.05 |             6.81 | 22.41
   121 |            9.67 |           28.25 |             3.10 | 21.87
   122 |            9.47 |           27.16 |             4.77 | 21.42
   123 |            9.08 |           23.02 |             3.24 | 25.60
   124 |           10.70 |           24.81 |             5.59 | 21.83
   125 |            9.09 |           31.46 |             3.86 | 20.51
   126 |            3.34 |           27.76 |             3.83 | 26.37
   127 |            4.76 |           29.02 |             3.24 | 24.63
   128 |            6.64 |           27.20 |             6.59 | 22.18
   129 |           10.93 |           25.14 |             5.16 | 21.04
   130 |            9.70 |           25.38 |             3.13 | 23.78
   131 |            6.52 |           26.54 |             3.18 | 24.43
   132 |            9.52 |           26.32 |             6.71 | 21.12
   133 |           10.80 |           23.97 |             3.12 | 23.72
   134 |            9.68 |           27.55 |             3.33 | 21.82
   135 |           11.46 |           25.87 |             4.74 | 21.35
   136 |            8.63 |           25.96 |             3.09 | 24.06
   137 |            5.13 |           29.46 |             3.04 | 24.58
   138 |            8.22 |           27.56 |             3.61 | 22.57
   139 |            7.92 |           26.51 |             3.10 | 23.60
   140 |            5.52 |           27.67 |             3.08 | 25.18
   141 |            6.41 |           23.93 |             5.40 | 24.95
   142 |            8.08 |           25.08 |             6.28 | 22.03
   143 |           10.34 |           25.49 |             3.16 | 22.83
   144 |            9.04 |           29.96 |             6.80 | 19.52
   145 |            9.36 |           23.96 |             7.07 | 22.67
   146 |            7.33 |           28.14 |             5.57 | 21.81
   147 |            5.29 |           28.08 |             4.83 | 22.38
   148 |            6.72 |           26.35 |             3.41 | 24.34
   149 |           11.11 |           28.40 |             7.99 | 19.12
   150 |            9.69 |           28.60 |             4.85 | 21.36
   151 |           11.01 |           26.57 |             5.69 | 20.82
   152 |           11.40 |           27.04 |             5.34 | 20.64
   153 |            6.39 |           27.70 |             3.55 | 23.59
   154 |            8.22 |           24.52 |             3.53 | 24.96
   155 |            7.51 |           24.64 |             6.52 | 22.77
   156 |           11.57 |           25.81 |             6.26 | 20.41
   157 |            9.77 |           22.88 |             4.95 | 24.39
   158 |            6.84 |           26.59 |             3.56 | 23.78
   159 |           11.99 |           22.56 |             3.23 | 22.93
   160 |            8.86 |           24.19 |             3.19 | 24.97
   161 |           11.94 |           23.92 |             6.22 | 21.84
   162 |           10.40 |           24.65 |             6.73 | 21.26
   163 |           10.24 |           22.96 |             3.14 | 24.62
   164 |            6.84 |           24.95 |             4.80 | 23.29
   165 |            8.03 |           26.65 |             3.63 | 23.07
   166 |            7.26 |           29.88 |             3.62 | 22.66
   167 |            9.41 |           26.47 |             4.92 | 22.07
   168 |            8.95 |           30.54 |             4.86 | 20.07
   169 |            8.81 |           26.29 |             3.77 | 22.72
   170 |            5.73 |           29.99 |             3.85 | 22.30
   171 |            7.86 |           31.57 |             3.40 | 21.51
   172 |            7.65 |           26.35 |             4.80 | 22.69
   173 |           10.28 |           25.58 |             5.25 | 21.77
   174 |           10.63 |           27.60 |             4.40 | 20.72
   175 |            7.98 |           28.65 |             3.16 | 22.46
   176 |            5.86 |           26.36 |             4.75 | 23.41
   177 |            5.95 |           24.99 |             3.10 | 26.02
   178 |            6.03 |           28.25 |             4.13 | 23.87
   179 |           11.60 |           27.41 |             4.64 | 20.77
   180 |            6.25 |           24.52 |             3.07 | 25.92
   181 |           10.98 |           25.95 |             3.09 | 22.31
   182 |           10.24 |           26.01 |             6.97 | 20.56
   183 |            8.86 |           25.96 |             4.74 | 22.45
   184 |           10.47 |           29.67 |             5.28 | 19.87
   185 |            8.56 |           28.98 |             4.03 | 21.85
   186 |            9.48 |           32.67 |             4.43 | 19.47
   187 |            8.33 |           27.36 |             4.28 | 21.06
   188 |            7.68 |           26.13 |             5.91 | 23.03
   189 |            3.48 |           24.07 |             3.05 | 29.20
   190 |            9.73 |           29.77 |             3.07 | 21.41
   191 |            9.42 |           27.19 |             5.08 | 21.93
   192 |            9.53 |           27.80 |             4.45 | 21.58
   193 |            6.10 |           24.64 |             3.05 | 26.16
   194 |            6.42 |           24.93 |             3.78 | 25.13
   195 |           10.04 |           27.10 |             3.10 | 22.40
   196 |            6.66 |           24.73 |             4.18 | 23.89
   197 |            8.12 |           29.71 |             3.36 | 21.92
   198 |            9.11 |           29.09 |             3.09 | 21.89
   199 |            5.94 |           26.17 |             3.13 | 25.49
   200 |            6.83 |           26.50 |             3.33 | 25.01
   201 |            9.23 |           23.32 |             4.98 | 23.77
   202 |            7.73 |           26.12 |             3.06 | 23.80
   203 |            6.13 |           24.83 |             3.14 | 25.92
   204 |            8.70 |           28.40 |             5.30 | 21.88
   205 |            8.38 |           24.56 |             6.38 | 22.68
   206 |            8.68 |           31.15 |             4.36 | 21.11
   207 |            9.15 |           27.96 |             4.84 | 21.34
   208 |            7.38 |           23.21 |             3.51 | 24.88
   209 |            7.51 |           28.07 |             5.95 | 22.07
   210 |            7.77 |           25.75 |             4.82 | 23.08
   211 |            9.34 |           23.09 |             4.83 | 24.47
   212 |            7.24 |           25.23 |             6.07 | 23.28
   213 |            8.98 |           25.61 |             6.33 | 22.03
   214 |           10.54 |           23.93 |             4.03 | 23.03
   215 |            8.65 |           24.76 |             5.36 | 23.24
   216 |           11.10 |           24.36 |             6.31 | 21.82
   217 |            7.96 |           26.32 |             5.88 | 22.40
   218 |            9.31 |           29.86 |             4.09 | 21.42
   219 |            3.88 |           22.69 |             3.16 | 26.99
   220 |           10.70 |           23.40 |             3.11 | 24.40
   221 |            8.59 |           26.32 |             4.83 | 22.57
   222 |            5.89 |           25.10 |             3.12 | 25.63
   223 |            5.24 |           29.86 |             7.81 | 21.09
   224 |            9.72 |           24.14 |             3.27 | 24.31
   225 |            8.24 |           28.62 |             5.13 | 21.96
   226 |           10.81 |           26.24 |             3.14 | 22.21
   227 |            5.61 |           30.72 |             5.30 | 21.77
   228 |            5.50 |           25.73 |             3.60 | 24.99
   229 |           10.91 |           29.32 |             3.38 | 20.71
   230 |            6.22 |           24.36 |             3.15 | 25.77
   231 |            6.07 |           27.79 |             3.12 | 24.20
   232 |            7.58 |           29.66 |             3.29 | 21.82
   233 |           10.12 |           25.66 |             3.09 | 23.69
   234 |            7.40 |           25.08 |             8.08 | 22.57
   235 |            7.16 |           26.80 |             6.18 | 22.68
   236 |            5.29 |           21.74 |             9.43 | 23.38
   237 |            9.86 |           27.24 |             3.35 | 22.19
   238 |            5.88 |           25.64 |             4.89 | 23.82
   239 |           10.75 |           25.71 |             5.18 | 21.72
   240 |            6.68 |           24.35 |             3.14 | 26.36
   241 |            8.16 |           26.50 |             3.06 | 23.08
   242 |           11.49 |           25.10 |             3.34 | 22.90
   243 |            7.00 |           32.14 |             6.37 | 20.43
   244 |            3.83 |           27.62 |             3.15 | 25.82
   245 |            8.72 |           29.79 |             3.21 | 21.96
   246 |            6.46 |           27.75 |             4.79 | 22.92
   247 |           10.25 |           22.72 |             3.32 | 24.52
   248 |            7.78 |           26.23 |             5.26 | 22.95
   249 |            5.09 |           34.83 |             5.36 | 20.46
   250 |           11.45 |           28.95 |             4.48 | 20.50
   251 |            5.56 |           23.50 |             6.93 | 24.47
   252 |            6.49 |           23.68 |             4.10 | 24.30
   253 |            8.97 |           25.51 |             3.11 | 24.20
   254 |            9.28 |           23.46 |             5.62 | 23.40
   255 |           13.09 |           25.96 |             4.98 | 20.35
   256 |            6.81 |           28.25 |             7.60 | 21.40
   257 |            7.50 |           29.45 |             4.93 | 21.91
   258 |            9.68 |           32.19 |             5.26 | 19.58
   259 |            9.93 |           23.69 |             4.93 | 23.23
   260 |            7.91 |           27.74 |             4.81 | 21.99
   261 |            4.85 |           26.11 |             4.65 | 25.30
   262 |            6.37 |           24.79 |             3.22 | 25.74
   263 |           10.38 |           27.17 |             7.04 | 19.88
   264 |            9.19 |           24.25 |             4.79 | 23.47
   265 |           10.74 |           30.71 |             4.84 | 19.83
   266 |            7.67 |           32.05 |             5.43 | 20.41
   267 |            6.44 |           26.87 |             3.19 | 24.43
   268 |            8.40 |           28.82 |             3.97 | 22.39
   269 |            4.63 |           29.74 |             3.17 | 23.76
   270 |            9.75 |           24.89 |             5.40 | 22.94
   271 |           10.80 |           28.87 |             5.51 | 20.65
   272 |           10.21 |           23.87 |             4.85 | 23.52
   273 |            6.24 |           30.85 |             3.75 | 22.32
   274 |            6.94 |           31.85 |             4.83 | 21.12
   275 |           11.16 |           26.95 |             4.16 | 21.51
   276 |            9.22 |           26.81 |             3.64 | 22.77
   277 |            9.43 |           27.33 |             3.18 | 22.40
   278 |            8.90 |           24.64 |             4.22 | 24.15
   279 |            5.08 |           24.82 |             3.16 | 26.78
   280 |            8.18 |           29.29 |             3.05 | 22.60
   281 |           12.24 |           24.76 |             3.19 | 22.97
   282 |           11.86 |           23.94 |             3.51 | 22.61
   283 |            6.44 |           28.10 |             3.09 | 23.82
   284 |            6.42 |           26.21 |             5.99 | 23.45
   285 |            6.36 |           25.14 |             3.55 | 25.69
   286 |            7.03 |           22.84 |             9.02 | 21.77
   287 |            9.62 |           27.78 |             3.04 | 22.27
   288 |            6.33 |           22.65 |             4.02 | 25.55
   289 |           12.43 |           26.04 |             4.82 | 20.86
   290 |            9.43 |           24.67 |             4.91 | 23.31
   291 |            8.86 |           22.67 |             3.21 | 25.84
   292 |            8.11 |           33.52 |             3.36 | 20.64
   293 |            7.06 |           27.58 |             4.78 | 23.08
   294 |            5.70 |           31.14 |             4.12 | 22.70
   295 |           11.61 |           25.36 |             7.15 | 20.23
   296 |            6.24 |           26.33 |             4.65 | 23.94
   297 |            6.70 |           27.27 |             3.10 | 24.38
   298 |            8.03 |           28.39 |             3.13 | 23.13
   299 |            5.32 |           28.05 |             4.70 | 23.32
   300 |            6.46 |           28.21 |             4.35 | 22.57
   301 |            8.93 |           24.55 |             4.12 | 24.05
   302 |           11.14 |           23.79 |             4.82 | 22.40
   303 |            7.27 |           26.62 |             4.06 | 23.98
   304 |            5.99 |           24.69 |             6.24 | 23.88
   305 |            6.79 |           23.07 |             4.66 | 25.92
   306 |            8.08 |           23.30 |             3.34 | 24.80
   307 |           13.28 |           26.11 |             3.23 | 21.76
   308 |            9.47 |           24.92 |             4.73 | 22.13
   309 |            4.27 |           31.58 |             5.46 | 22.31
   310 |            8.11 |           29.13 |             5.31 | 20.94
   311 |            7.02 |           25.34 |             3.37 | 24.10
   312 |            8.70 |           22.65 |             6.76 | 23.32
   313 |            5.78 |           29.75 |             3.92 | 22.47
   314 |            6.47 |           22.52 |             3.14 | 27.33
   315 |            8.07 |           28.28 |             3.79 | 22.05
   316 |            7.99 |           32.53 |             3.86 | 20.22
   317 |           12.80 |           28.12 |             5.65 | 19.44
   318 |            7.23 |           27.01 |             3.06 | 24.58
   319 |           11.85 |           26.00 |             4.43 | 21.25
   320 |            9.96 |           31.29 |             4.05 | 20.36
   321 |           10.63 |           26.58 |             5.59 | 21.20
   322 |           10.73 |           23.96 |             4.53 | 23.53
   323 |            8.15 |           29.23 |             5.31 | 21.00
   324 |            7.73 |           31.16 |             3.16 | 21.33
   325 |            7.71 |           24.90 |             3.20 | 25.12
   326 |            7.44 |           29.77 |             5.38 | 21.34
   327 |            7.40 |           34.35 |             3.06 | 20.34
   328 |            5.55 |           24.99 |             4.80 | 25.48
   329 |            7.93 |           27.67 |             3.13 | 23.75
   330 |          139.09 |           22.32 |             3.07 |  5.71
   331 |            9.26 |           24.90 |             3.15 | 24.26
   332 |            8.85 |           27.23 |             7.61 | 20.68
   333 |           10.33 |           29.47 |             3.98 | 20.96
   334 |            6.52 |           22.48 |             8.86 | 24.09
   335 |            9.96 |           25.00 |             5.09 | 22.42
   336 |            6.39 |           29.08 |             3.67 | 23.10
   337 |            6.71 |           27.33 |             3.19 | 24.15
   338 |            5.13 |           26.22 |             7.83 | 22.84
   339 |            8.54 |           36.05 |             3.64 | 19.15
   340 |            7.17 |           23.83 |             7.80 | 23.07
   341 |            7.67 |           22.65 |             3.35 | 25.21
   342 |            3.36 |           29.81 |             3.12 | 25.13
   343 |            8.33 |           28.80 |             7.56 | 20.44
   344 |           10.75 |           30.20 |             3.09 | 20.58
   345 |            7.80 |           24.03 |             3.05 | 25.74
   346 |            7.31 |           24.64 |             5.61 | 23.80
   347 |            7.98 |           27.42 |             3.89 | 23.36
   348 |            9.65 |           27.87 |             7.08 | 20.19
   349 |            7.39 |           28.79 |             3.68 | 23.12
   350 |            4.32 |           25.61 |             8.08 | 23.34
   351 |           10.72 |           29.58 |             6.48 | 19.50
   352 |            8.16 |           24.27 |             5.77 | 23.49
   353 |            7.10 |           29.39 |             4.11 | 21.32
   354 |           10.28 |           25.06 |             3.20 | 23.78
   355 |            7.01 |           25.37 |             5.74 | 23.69
   356 |            7.65 |           27.33 |             5.03 | 22.81
   357 |            4.45 |           25.69 |             5.31 | 25.07
   358 |            4.76 |           32.27 |             3.09 | 23.29
   359 |            9.63 |           26.35 |             3.94 | 22.68
   360 |           11.89 |           29.42 |             7.05 | 19.09
   361 |            6.28 |           26.40 |             6.10 | 23.07
   362 |            7.04 |           33.20 |             3.31 | 21.39
   363 |            8.42 |           25.07 |             5.73 | 23.23
   364 |            7.36 |           26.66 |             3.42 | 24.43
   365 |            7.48 |           25.91 |             3.17 | 24.82
   366 |            9.08 |           22.85 |             7.01 | 22.98
   367 |            9.84 |           24.62 |             4.72 | 21.59
   368 |            6.42 |           25.19 |             5.64 | 24.22
   369 |            7.13 |           28.09 |             3.78 | 23.33
   370 |            9.81 |           26.44 |             5.29 | 21.88
   371 |           10.43 |           24.50 |             3.25 | 23.80
   372 |           10.59 |           26.50 |             7.24 | 20.30
   373 |            9.19 |           26.18 |             4.83 | 22.72
   374 |            9.10 |           28.17 |             4.76 | 21.75
   375 |           10.70 |           24.05 |             4.84 | 22.61
   376 |           10.88 |           24.91 |             5.35 | 22.08
   377 |            8.12 |           26.59 |             6.15 | 22.12
   378 |            5.91 |           28.69 |             3.04 | 23.52
   379 |            9.76 |           25.18 |             4.95 | 23.07
   380 |            7.84 |           28.23 |             4.80 | 22.03
   381 |            6.74 |           26.52 |             4.48 | 23.17
   382 |            6.50 |           29.05 |             4.82 | 22.51
   383 |            7.73 |           28.31 |             4.78 | 22.02
   384 |            8.37 |           23.50 |             5.31 | 24.23
   385 |            9.77 |           27.85 |             4.19 | 21.91
   386 |            6.23 |           27.28 |             3.14 | 24.02
   387 |            5.58 |           26.77 |             3.17 | 25.70
   388 |            8.64 |           27.23 |             3.43 | 22.84
   389 |            9.77 |           30.00 |             3.17 | 21.71
   390 |            6.91 |           23.84 |             4.82 | 25.30
   391 |            9.80 |           30.71 |             5.09 | 20.52
   392 |            6.35 |           24.81 |             3.13 | 25.90
   393 |            7.32 |           23.97 |             3.17 | 26.30
   394 |            4.07 |           22.89 |             8.54 | 25.04
   395 |            8.14 |           25.84 |             6.02 | 22.42
   396 |            5.86 |           27.21 |             3.93 | 24.45
   397 |            8.83 |           23.25 |             8.50 | 22.62
   398 |            8.44 |           30.54 |             4.97 | 20.17
   399 |           10.13 |           22.44 |             3.16 | 25.33
   400 |            6.15 |           25.36 |             6.50 | 23.14
   401 |            9.03 |           30.52 |             5.81 | 20.14
   402 |            6.99 |           23.80 |             3.07 | 27.11
   403 |            7.52 |           31.94 |             4.74 | 20.79
   404 |            8.29 |           26.72 |             3.31 | 23.18
   405 |           10.66 |           26.70 |             6.61 | 20.15
   406 |            8.89 |           24.41 |             3.69 | 23.92
   407 |           10.30 |           29.38 |             5.48 | 20.19
   408 |            6.73 |           29.67 |             3.06 | 22.36
   409 |            6.98 |           29.36 |             6.12 | 21.24
   410 |           10.75 |           25.57 |             7.06 | 20.84
   411 |            9.81 |           27.18 |             3.13 | 22.64
   412 |            5.31 |           27.01 |             3.52 | 23.36
   413 |            8.15 |           24.00 |             3.19 | 25.14
   414 |            8.50 |           24.51 |             4.97 | 23.67
   415 |           10.19 |           27.04 |             3.10 | 22.59
   416 |            9.73 |           30.35 |             3.08 | 21.60
   417 |            6.06 |           27.08 |             3.10 | 25.01
   418 |            7.19 |           24.97 |             3.26 | 25.42
   419 |            8.25 |           25.88 |             4.67 | 22.92
   420 |           10.65 |           23.29 |             3.33 | 23.00
   421 |            6.99 |           23.88 |             3.39 | 25.53
   422 |           11.14 |           27.41 |             6.67 | 20.30
   423 |           13.48 |           25.21 |             3.60 | 21.61
   424 |            7.10 |           25.27 |             4.84 | 24.16
   425 |            9.66 |           28.03 |             5.21 | 21.23
   426 |            9.15 |           30.04 |             3.36 | 20.46
   427 |            5.62 |           26.14 |             3.12 | 25.81
   428 |            5.38 |           28.64 |             6.83 | 22.19
   429 |            6.25 |           24.57 |             4.81 | 25.87
   430 |           10.70 |           24.03 |             3.06 | 23.41
   431 |            8.60 |           28.52 |             3.12 | 23.04
   432 |           12.15 |           24.87 |             3.13 | 23.13
   433 |            6.79 |           24.28 |             5.01 | 24.67
   434 |           10.35 |           26.54 |             5.11 | 21.47
   435 |            9.24 |           26.92 |             4.09 | 22.55
   436 |           11.30 |           29.18 |             5.51 | 20.26
   437 |           10.84 |           29.56 |             7.07 | 19.53
   438 |            6.48 |           28.40 |             3.24 | 23.96
   439 |            7.28 |           26.46 |             5.72 | 22.55
   440 |            9.88 |           27.25 |             3.27 | 22.28
   441 |            8.86 |           29.30 |             6.40 | 20.16
   442 |            6.37 |           24.71 |             3.18 | 26.06
   443 |            6.24 |           26.42 |             7.05 | 22.76
   444 |            9.03 |           26.70 |             5.93 | 21.69
   445 |            6.46 |           26.33 |             5.85 | 23.16
   446 |            5.88 |           22.13 |             3.74 | 26.79
   447 |            6.97 |           28.01 |             3.33 | 23.58
   448 |            5.78 |           29.02 |             4.74 | 23.06
   449 |           11.83 |           27.35 |             8.06 | 19.22
   450 |            4.04 |           30.08 |             3.82 | 23.14
   451 |            7.44 |           28.51 |             4.94 | 21.93
   452 |            9.26 |           30.53 |             4.12 | 21.06
   453 |           10.08 |           26.07 |             5.33 | 21.66
   454 |            9.32 |           29.13 |             6.01 | 20.33
   455 |            5.46 |           31.77 |             5.50 | 21.90
   456 |            8.73 |           28.46 |             3.89 | 21.27
   457 |           13.65 |           22.62 |             3.14 | 22.79
   458 |           10.97 |           24.33 |             2.97 | 23.32
   459 |            3.49 |           29.26 |             3.65 | 25.18
   460 |           10.67 |           28.17 |             5.71 | 20.26
   461 |           11.02 |           25.64 |             3.10 | 22.24
   462 |            6.14 |           28.74 |             3.67 | 23.02
   463 |            5.95 |           29.46 |             4.11 | 23.08
   464 |           11.42 |           28.33 |             3.12 | 21.33
   465 |            8.06 |           25.96 |             4.09 | 24.01
   466 |           12.25 |           28.21 |             5.91 | 19.58
   467 |            6.91 |           28.06 |             5.98 | 21.98
   468 |            9.20 |           31.27 |             3.14 | 21.33
   469 |            9.42 |           27.01 |             3.18 | 23.34
   470 |            6.38 |           27.60 |             3.08 | 24.26
   471 |            5.12 |           28.04 |             5.36 | 24.25
   472 |            9.65 |           27.47 |             3.00 | 22.96
   473 |            8.94 |           28.37 |             5.16 | 21.45
   474 |           11.58 |           25.59 |             5.82 | 20.82
   475 |           10.92 |           24.07 |             3.11 | 24.28
   476 |            9.97 |           27.88 |             4.55 | 20.82
   477 |            8.17 |           27.64 |             3.83 | 22.91
   478 |            7.07 |           25.01 |             7.54 | 23.00
   479 |            9.80 |           25.24 |             4.08 | 23.10
   480 |           11.91 |           26.60 |             4.73 | 20.82
   481 |            9.23 |           25.43 |             4.03 | 23.43
   482 |            7.79 |           26.84 |             5.82 | 22.29
   483 |            8.07 |           25.40 |             5.49 | 23.01
   484 |           11.63 |           25.78 |             3.11 | 22.31
   485 |            7.31 |           25.78 |             3.11 | 24.83
   486 |            6.83 |           22.56 |             3.19 | 27.20
   487 |            6.33 |           22.86 |             3.56 | 27.51
   488 |            4.60 |           24.29 |             7.43 | 24.72
   489 |           10.53 |           26.35 |             5.58 | 21.18
   490 |            7.42 |           27.08 |             6.67 | 21.94
   491 |            8.18 |           23.71 |             6.76 | 22.82
   492 |           11.27 |           25.66 |             4.80 | 21.62
   493 |           10.44 |           24.48 |             4.88 | 22.27
   494 |            9.84 |           26.72 |             3.78 | 22.90
   495 |            7.16 |           26.79 |             6.06 | 22.01
   496 |           10.62 |           26.46 |             3.17 | 21.17
   497 |            6.23 |           26.05 |             3.18 | 25.54
   498 |            6.87 |           26.89 |             3.43 | 24.30
   499 |            8.84 |           28.15 |             7.22 | 21.00
   500 |           11.72 |           30.49 |             5.27 | 19.26
   501 |           10.15 |           26.47 |             5.71 | 21.51
   502 |            9.21 |           29.44 |             3.12 | 21.69
   503 |            6.47 |           27.51 |             3.69 | 23.20
   504 |            7.48 |           24.13 |             3.15 | 25.84
   505 |            9.24 |           27.17 |             3.61 | 22.03
   506 |            7.36 |           32.21 |             4.75 | 20.59
   507 |            4.02 |           28.41 |             3.78 | 24.69
   508 |           11.43 |           24.86 |             4.99 | 22.09
   509 |            8.59 |           28.10 |             5.86 | 21.22
   510 |            9.99 |           27.81 |             5.02 | 21.18
   511 |            9.60 |           25.64 |             4.85 | 22.54
   512 |            8.87 |           24.69 |             4.08 | 24.12
   513 |            9.66 |           28.21 |             3.47 | 21.23
   514 |           12.41 |           25.91 |             5.72 | 20.70
   515 |           10.49 |           22.82 |             5.11 | 22.88
   516 |            7.85 |           24.30 |             3.54 | 24.78
   517 |           10.24 |           25.82 |             4.78 | 22.51
   518 |           10.89 |           23.31 |             4.15 | 23.70
   519 |            8.28 |           24.74 |             4.81 | 24.01
   520 |           10.54 |           23.95 |             4.52 | 21.36
   521 |            8.45 |           26.48 |             4.03 | 23.61
   522 |            9.38 |           26.89 |             4.48 | 22.02
   523 |            9.01 |           26.74 |             7.28 | 21.23
   524 |           10.43 |           26.83 |             4.28 | 21.79
   525 |            5.75 |           26.60 |             4.47 | 23.48
   526 |           10.49 |           27.84 |             3.15 | 21.71
   527 |            8.97 |           24.89 |             3.14 | 24.43
   528 |            7.46 |           28.57 |             6.62 | 21.12
   529 |           10.19 |           27.98 |             5.46 | 20.67
   530 |            8.78 |           27.78 |             5.29 | 21.23
   531 |           10.12 |           26.54 |             5.61 | 21.12
   532 |            8.45 |           27.02 |             3.14 | 22.37
   533 |            6.91 |           24.03 |             3.12 | 26.53
   534 |            5.61 |           22.55 |             4.02 | 25.86
   535 |           10.35 |           26.74 |             4.99 | 21.45
   536 |            4.75 |           24.71 |             5.22 | 25.48
   537 |            8.88 |           26.69 |             3.23 | 23.91
   538 |            6.23 |           25.96 |             3.87 | 23.58
   539 |            6.16 |           28.96 |             6.32 | 21.90
   540 |           10.59 |           26.58 |             3.17 | 22.84
   541 |            5.84 |           26.53 |             3.21 | 25.32
   542 |           10.87 |           26.72 |             6.69 | 21.02
   543 |            9.30 |           28.44 |             6.11 | 20.93
   544 |            5.25 |           27.12 |             3.28 | 25.41
   545 |            3.77 |           27.38 |             5.19 | 25.03
   546 |           10.09 |           26.84 |             6.38 | 20.78
   547 |            7.00 |           22.82 |             3.86 | 25.46
   548 |            8.82 |           26.29 |             3.73 | 22.84
   549 |            6.37 |           24.47 |             4.82 | 23.53
   550 |           11.41 |           24.46 |             5.91 | 21.92
   551 |            9.84 |           29.42 |             4.77 | 20.51
   552 |            5.06 |           24.56 |             6.00 | 24.06
   553 |            7.98 |           29.06 |             3.15 | 22.43
   554 |            7.82 |           31.66 |             3.11 | 21.09
   555 |           11.43 |           23.90 |             3.12 | 23.52
   556 |            7.57 |           23.56 |             4.59 | 25.44
   557 |            7.49 |           26.41 |             4.15 | 23.51
   558 |           10.50 |           27.18 |             3.25 | 22.49
   559 |           10.46 |           22.46 |             3.23 | 24.92
   560 |           11.59 |           22.06 |             5.08 | 22.91
   561 |            9.69 |           26.90 |             4.85 | 21.79
   562 |            8.38 |           27.81 |             4.82 | 22.48
   563 |            8.37 |           25.61 |             3.14 | 24.27
   564 |            6.19 |           24.14 |             4.04 | 25.46
   565 |            5.70 |           28.11 |             3.19 | 24.34
   566 |            6.09 |           25.10 |             7.25 | 23.27
   567 |            5.48 |           25.79 |             3.13 | 26.27
   568 |            9.00 |           25.72 |             3.13 | 23.89
   569 |            6.87 |           29.67 |             8.11 | 20.74
   570 |            6.97 |           22.78 |             5.45 | 24.87
   571 |            9.74 |           24.19 |             3.81 | 22.56
   572 |            6.18 |           29.83 |             3.91 | 22.30
   573 |            5.19 |           23.31 |             4.86 | 26.75
   574 |            9.11 |           26.65 |             7.74 | 20.75
   575 |           10.68 |           26.10 |             3.11 | 21.69
   576 |            6.87 |           27.32 |             3.14 | 24.42
   577 |            6.93 |           25.14 |             4.76 | 24.19
   578 |            7.87 |           25.54 |             7.32 | 21.92
   579 |            9.97 |           25.33 |             3.37 | 23.09
   580 |            7.73 |           23.02 |             6.78 | 23.57
   581 |            6.77 |           29.84 |             5.32 | 21.82
   582 |            6.66 |           25.14 |             3.79 | 25.36
   583 |            9.01 |           25.21 |             5.78 | 22.51
   584 |           10.74 |           28.37 |             5.48 | 20.25
   585 |            6.78 |           23.40 |             3.12 | 26.67
   586 |            6.26 |           29.29 |             3.21 | 23.31
   587 |            9.03 |           22.80 |             3.16 | 25.77
   588 |           10.51 |           28.49 |             5.15 | 20.78
   589 |            8.31 |           28.49 |             5.15 | 21.79
   590 |            7.81 |           28.17 |             6.57 | 21.31
   591 |            8.92 |           26.48 |             3.02 | 23.21
   592 |            6.57 |           28.50 |             3.95 | 22.69
   593 |            8.47 |           26.40 |             4.86 | 22.44
   594 |            6.47 |           25.90 |             5.38 | 23.86
   595 |            9.48 |           28.55 |             4.15 | 21.59
   596 |            7.56 |           31.29 |             4.56 | 21.39
   597 |            5.36 |           28.41 |             3.09 | 24.73
   598 |            7.47 |           24.51 |             3.16 | 25.97
   599 |            9.79 |           26.24 |             3.12 | 23.28
   600 |           12.32 |           24.94 |             5.24 | 21.30
   601 |           12.11 |           25.72 |             4.59 | 21.06
   602 |            5.56 |           24.34 |             4.39 | 25.83
   603 |            7.04 |           23.77 |             3.23 | 26.17
   604 |           10.61 |           24.65 |             5.49 | 22.17
   605 |            9.12 |           30.41 |             3.95 | 21.10
   606 |            9.66 |           27.27 |             3.20 | 23.20
   607 |           11.15 |           26.45 |             4.06 | 21.36
   608 |           13.57 |           25.25 |             4.78 | 20.79
   609 |            5.66 |           23.13 |             6.21 | 24.90
   610 |            7.41 |           25.07 |             5.54 | 23.15
   611 |            8.80 |           25.12 |             3.15 | 24.37
   612 |            6.69 |           23.36 |             3.51 | 26.15
   613 |            9.71 |           25.20 |             3.40 | 22.69
   614 |           15.71 |           24.50 |             3.38 | 21.06
   615 |           12.14 |           26.03 |             6.84 | 20.27
   616 |            8.74 |           24.78 |             3.48 | 24.46
   617 |            7.46 |           26.78 |             5.29 | 22.64
   618 |            7.34 |           28.68 |             5.94 | 21.10
   619 |           10.10 |           30.89 |             3.85 | 20.01
   620 |            8.21 |           26.11 |             3.52 | 23.74
   621 |            8.42 |           29.45 |             3.51 | 21.99
   622 |            7.69 |           31.72 |             3.99 | 21.35
   623 |            6.99 |           23.37 |             3.08 | 26.97
   624 |           10.15 |           23.05 |             3.21 | 24.73
   625 |            8.22 |           24.03 |             3.65 | 24.07
   626 |            4.06 |           27.18 |             7.01 | 23.43
   627 |            4.85 |           30.26 |             3.16 | 23.24
   628 |            7.43 |           26.60 |             3.15 | 24.38
   629 |            5.12 |           26.22 |             7.14 | 23.43
   630 |           12.48 |           26.27 |             7.96 | 19.52
   631 |            8.54 |           26.80 |             7.02 | 21.58
   632 |           10.54 |           28.46 |             6.37 | 19.99
   633 |            6.54 |           24.40 |             7.04 | 23.42
   634 |           12.83 |           29.39 |             3.14 | 20.35
   635 |           14.59 |           30.22 |             3.15 | 19.34
   636 |           12.23 |           26.67 |             5.35 | 20.66
   637 |           12.61 |           24.24 |             5.99 | 20.73
   638 |            7.46 |           25.25 |             5.40 | 23.00
   639 |            8.63 |           30.09 |             4.60 | 20.45
   640 |            9.23 |           29.04 |             5.62 | 20.82
   641 |            5.93 |           31.56 |             7.36 | 19.78
   642 |            7.52 |           30.11 |             7.02 | 20.34
   643 |           10.72 |           26.44 |             5.87 | 21.03
   644 |           11.40 |           33.01 |             5.82 | 18.20
   645 |           10.82 |           31.19 |             5.75 | 19.29
   646 |            8.68 |           31.60 |             7.02 | 18.78
   647 |           15.58 |           28.24 |             3.45 | 19.78
   648 |            6.84 |           28.37 |             6.50 | 21.21
   649 |           10.28 |           33.24 |             7.25 | 18.08
   650 |           12.79 |           26.89 |             5.83 | 20.27
   651 |            9.95 |           31.03 |             6.17 | 19.11
   652 |            8.28 |           31.04 |             5.25 | 19.98
   653 |            9.52 |           29.06 |             3.76 | 21.33
   654 |            6.19 |           28.80 |             5.24 | 21.45
   655 |           11.27 |           31.28 |             3.22 | 19.81
   656 |           12.20 |           25.96 |             3.51 | 22.10
   657 |            5.30 |           31.21 |             6.95 | 21.29
   658 |            6.16 |           26.72 |             3.84 | 23.71
   659 |            6.68 |           32.61 |             5.21 | 20.45
   660 |            7.73 |           31.41 |             5.87 | 20.31

===========================================================================
--- PODSUMOWANIE ---
Przetworzone klatki: 660
Średni czas inferencji: 26.90 ms
